
	Distribution Summary

Distribution:	Uniform      
Expression:	UNIF(0.5, 28.5)
Square Error:	0.000000

Chi Square Test
  Number of intervals	= 28
  Degrees of freedom 	= 27
  Test Statistic     	= 3.53e-025
  Corresponding p-value	> 0.75

	Data Summary

Number of Data Points	= 491400
Min Data Value       	= 1
Max Data Value       	= 28
Sample Mean          	= 14.5
Sample Std Dev       	= 8.08

	Histogram Summary

Histogram Range    	= 0.5 to 28.5
Number of Intervals	= 28


==================================================================
Int.   No. of               Probability           Cumulative      
No.    Data Pts.   x        Density               Distribution    
------------------------------------------------------------------
                            Data   Function       Data   Function   
   0  17550       1.00     0.0357     0.0357     0.0357     0.0357
   1  17550       2.00     0.0357     0.0357     0.0714     0.0714
   2  17550       3.00     0.0357     0.0357      0.107      0.107
   3  17550       4.00     0.0357     0.0357      0.143      0.143
   4  17550       5.00     0.0357     0.0357      0.179      0.179
   5  17550       6.00     0.0357     0.0357      0.214      0.214
   6  17550       7.00     0.0357     0.0357      0.250      0.250
   7  17550       8.00     0.0357     0.0357      0.286      0.286
   8  17550       9.00     0.0357     0.0357      0.321      0.321
   9  17550       10.0     0.0357     0.0357      0.357      0.357
  10  17550       11.0     0.0357     0.0357      0.393      0.393
  11  17550       12.0     0.0357     0.0357      0.429      0.429
  12  17550       13.0     0.0357     0.0357      0.464      0.464
  13  17550       14.0     0.0357     0.0357      0.500      0.500
  14  17550       15.0     0.0357     0.0357      0.536      0.536
  15  17550       16.0     0.0357     0.0357      0.571      0.571
  16  17550       17.0     0.0357     0.0357      0.607      0.607
  17  17550       18.0     0.0357     0.0357      0.643      0.643
  18  17550       19.0     0.0357     0.0357      0.679      0.679
  19  17550       20.0     0.0357     0.0357      0.714      0.714
  20  17550       21.0     0.0357     0.0357      0.750      0.750
  21  17550       22.0     0.0357     0.0357      0.786      0.786
  22  17550       23.0     0.0357     0.0357      0.821      0.821
  23  17550       24.0     0.0357     0.0357      0.857      0.857
  24  17550       25.0     0.0357     0.0357      0.893      0.893
  25  17550       26.0     0.0357     0.0357      0.929      0.929
  26  17550       27.0     0.0357     0.0357      0.964      0.964
  27  17550       28.0     0.0357     0.0357       1.00       1.00


=================================================================


Data File: D:\Desarrollo\Proyecto_16DeSeptiembre\Data_set\todas.TXT


Function       Sq Error
-----------------------
Uniform        2.62e-032
Beta           0.000512
Normal         0.00462
Gamma          0.00581
Erlang         0.00599
Exponential    0.009
Lognormal      0.00996
Triangular     0.0114
Poisson        0.0387
Weibull        0.0718
